0.9999426581853186,0.00012078640975232702,0.5000317222975355,0.6666543663153183
0.44437061180360615,0.002592623233795166,0.22348161751870066,0.2971105483593419
0.716288753086701,0.9975757300853729,0.856932241586037,0.665050469377699
0.5221931338310242,0.2634534537792206,0.3928232938051224,0.3491488102590665
0.4005310386419296,0.20152167975902557,0.3010263592004776,0.26792388312363374
0.3138861358165741,0.8439709693193436,0.5789285525679588,0.5626473157123352
0.25793497264385223,0.24359984695911407,0.25076740980148315,0.2506866802771886
0.811195507645607,0.17710500210523605,0.4941502548754215,0.5943184668819109
0.4920375645160675,0.6544597744941711,0.5732486695051193,0.43630651632944745
0.3707864433526993,0.4392208904027939,0.4050036668777466,0.44249677161375683
0.25245820730924606,0.28310076892375946,0.26777948811650276,0.3005996321638425
0.7733535617589951,0.7486028671264648,0.76097821444273,0.49906858305136365
0.34373416006565094,0.38120974600315094,0.36247195303440094,0.3492298126220703
0.279722198843956,0.28925882279872894,0.28449051082134247,0.28632260859012604
0.7442780286073685,0.7472011744976044,0.7457396015524864,0.4981341138482094
0.049052320420742035,0.07024152763187885,0.059646924026310444,0.05880563706159592
0.3005405515432358,0.30112361907958984,0.3008320853114128,0.27951760590076447
0.36831188201904297,0.427225798368454,0.3977688401937485,0.2848172088464101
0.3368617072701454,0.34486066550016403,0.3408611863851547,0.2909662003318469
0.3324446678161621,0.3392191529273987,0.3358319103717804,0.2581087003151576
0.26240842044353485,0.7420496791601181,0.5022290498018265,0.49469977368911106
0.4927479922771454,0.2987516522407532,0.3957498222589493,0.3996795043349266
0.3891706317663193,0.4771278649568558,0.4331492483615875,0.38416538139184314
0.9480299181304872,0.9559707455337048,0.952000331832096,0.6373138283379376
0.21229520440101624,0.16846037656068802,0.19037779048085213,0.18458442389965057
0.7079101763665676,0.3371325097978115,0.5225213430821896,0.6327149334053198
0.8090526759624481,0.8526380807161331,0.8308453783392906,0.5684253945946693
0.5052753239870071,0.49769796431064606,0.5014866441488266,0.45808903872966766
0.3303985074162483,0.334650419652462,0.33252446353435516,0.281427060564359
0.3153929263353348,0.6906658411026001,0.5030293837189674,0.4604439040025075
0.28367673605680466,0.6756581962108612,0.47966746613383293,0.556334100663662
0.10315931588411331,0.47083188593387604,0.2869956009089947,0.3405455872416496
0.07362539879977703,0.7227189894765615,0.3981721941381693,0.48181267517308396
0.05029290495440364,0.5357478712685406,0.29302038811147213,0.3600968903241058
0.9448574632406235,0.28250865638256073,0.6136830598115921,0.6550061454375585
0.7565772496163845,0.7448350489139557,0.7507061492651701,0.49655668810009956
0.3591929227113724,0.41299933195114136,0.38609612733125687,0.37855757772922516
0.28969647735357285,0.4260391667485237,0.3578678220510483,0.3667104517420133
0.3112006336450577,0.631138876080513,0.47116975486278534,0.42075924575328827
0.1951921060681343,0.4394878074526787,0.3173399567604065,0.3375014488895734
0.1944589465856552,0.4359246715903282,0.3151918090879917,0.33801932632923126
0.16331061720848083,0.59897031635046,0.38114046677947044,0.3993135342995326
0.16969850659370422,0.504693053662777,0.3371957801282406,0.38550804058710736
0.8834021426737309,0.3745160214602947,0.6289590820670128,0.6398587487637997
0.20910611003637314,0.659835159778595,0.43447063490748405,0.43989011893669766
0.23548633232712746,0.438367024064064,0.33692667819559574,0.41645512109001476
0.1752399504184723,0.46992532163858414,0.3225826360285282,0.3484298586845398
0.0725095272064209,0.6789705492556095,0.3757400382310152,0.45264701296885806
0.14190669357776642,0.19472354650497437,0.1683151200413704,0.19284174839655557
0.85799840092659,0.4864965155720711,0.6722474582493305,0.6078996409972509
0.8468668237328529,0.58704524487257,0.7169560343027115,0.3913634990652402
0.20984645932912827,0.4370986297726631,0.3234725445508957,0.36784718185663223
0.24894467741250992,0.31582120805978775,0.28238294273614883,0.28318340828021366
0.19484391808509827,0.7525850459933281,0.4737144820392132,0.5017233590284983
0.5049354732036591,0.5605390518903732,0.5327372625470161,0.5359912166992823
0.25578805804252625,0.37797483801841736,0.3168814480304718,0.318462997674942
0.8359255790710449,0.5922200754284859,0.7140728272497654,0.3948133736848831
0.2650213688611984,0.3679760545492172,0.3164987117052078,0.31640676657358807
0.22251516580581665,0.43246960639953613,0.3274923861026764,0.33708178997039795
0.7195446565747261,0.5283322930335999,0.623938474804163,0.352221521238486
0.5760813355445862,0.5811087489128113,0.5785950422286987,0.4830184578895569
0.5729793198406696,0.44754381850361824,0.5102615691721439,0.6335982394715151
0.46106915175914764,0.5140283107757568,0.48754873126745224,0.3426855554183324
0.44794419407844543,0.4781854748725891,0.4630648344755173,0.4910468856493632
0.615923285484314,0.3573957830667496,0.48665953427553177,0.5418383032083511
0.5618043541908264,0.6948615908622742,0.6283329725265503,0.4632410407066345
0.6155379414558411,0.47346457839012146,0.5445012599229813,0.5186820278565089
0.6039164364337921,0.40287379920482635,0.5033951178193092,0.5142252941926321
0.6722547560930252,0.8009041249752045,0.7365794405341148,0.5339360783497492
0.627002015709877,0.47309108078479767,0.5500465482473373,0.45059458538889885
0.40152034163475037,0.2725440263748169,0.33703218400478363,0.30659035717447597
0.700696550309658,0.6450175568461418,0.6728570535778999,0.43001169214646023
0.37251293659210205,0.36082595586776733,0.3666694462299347,0.3497999757528305
0.5309875756502151,0.4642622023820877,0.49762488901615143,0.39310334995388985
0.3261536434292793,0.6377690061926842,0.48196132481098175,0.4251793424288432
0.40506698191165924,0.46252356469631195,0.4337952733039856,0.4104653000831604
0.6688005328178406,0.38749629259109497,0.5281484127044678,0.5951159447431564
0.406330868601799,0.6207923144102097,0.5135615915060043,0.4138615479071935
0.3754751831293106,0.5012686401605606,0.4383719116449356,0.45752277473608655
0.3498128652572632,0.36095260083675385,0.3553827330470085,0.35350815455118817
0.26240595430135727,0.6652960255742073,0.4638509899377823,0.4435306762655576
0.2940443754196167,0.36058174073696136,0.32731305807828903,0.3285861313343048
0.712919607758522,0.27743400633335114,0.4951768070459366,0.5876913567384084
0.5174221992492676,0.623386025428772,0.5704041123390198,0.4155907134215037
0.32174570113420486,0.4463135823607445,0.38402964174747467,0.37733635554711026
0.6320961266756058,0.4000907838344574,0.5160934552550316,0.5345769921938578
0.4233003184199333,0.6245154142379761,0.5239078663289547,0.4163436119755109
0.2513184994459152,0.28870952129364014,0.2700140103697777,0.2759973605473836
0.2582247704267502,0.24717557430267334,0.25270017236471176,0.2842844674984614
0.6641597971320152,0.5713539719581604,0.6177568845450878,0.38090262562036514
0.478937029838562,0.45730990171432495,0.4681234657764435,0.39496417095263797
0.32519545406103134,0.3594757094979286,0.34233558177948,0.3191189592083295
0.34417085349559784,0.6332112103700638,0.4886910319328308,0.42214080939690274
0.22873780131340027,0.43278519809246063,0.33076149970293045,0.33758432666460675
0.8518529795110226,0.2490692026913166,0.5504610911011696,0.6479263193905354
0.31250448524951935,0.6464910358190536,0.4794977605342865,0.43099402884642285
0.31340454518795013,0.47714246809482574,0.39527350664138794,0.4103250056505203
0.7598069980740547,0.3381596505641937,0.5489833243191242,0.5748390977581342
0.7311893254518509,0.4400637000799179,0.5856265127658844,0.29337582488854724
0.3045385777950287,0.309351310133934,0.30694494396448135,0.32118802269299823
0.3173551708459854,0.4355841279029846,0.376469649374485,0.3865745812654495
0.5130871683359146,0.5190046429634094,0.516045905649662,0.34600309034188587
0.25589165836572647,0.3920486643910408,0.32397016137838364,0.320027915139993
0.6836072206497192,0.38329873979091644,0.5334529802203178,0.5818084329366684
0.7449193447828293,0.6726252138614655,0.7087722793221474,0.4484168241421382
0.26558422297239304,0.3470967933535576,0.3063405081629753,0.3092520361145337
0.32920047640800476,0.3115292489528656,0.3203648626804352,0.3203045775492986
0.4083177447319031,0.658689334988594,0.5335035398602486,0.4391262282927831
0.45907561480998993,0.5008769929409027,0.4799763038754463,0.4774358421564102
0.24917901307344437,0.3341611549258232,0.2916700839996338,0.2971534902850787
0.3117776960134506,0.737124964594841,0.5244513303041458,0.49141664803028107
0.3424188643693924,0.3580027371644974,0.3502108007669449,0.35259025792280835
0.6738409548997879,0.3435989022254944,0.5087199285626411,0.5595938066641489
0.6640833765268326,0.68665911257267,0.6753712445497513,0.45777274668216705
0.28348587453365326,0.41837772727012634,0.3509318009018898,0.38007043302059174
0.23130670189857483,0.3263441473245621,0.27882542461156845,0.2752174139022827
0.3625910133123398,0.6527608036994934,0.5076759085059166,0.4351738865176837
0.27546073496341705,0.3380293846130371,0.3067450597882271,0.3096909274657567
0.3514791280031204,0.46460114419460297,0.4080401360988617,0.4234968175490697
0.7363453060388565,0.7042621374130249,0.7203037217259407,0.4695080667734146
0.4363313913345337,0.45885658264160156,0.4475939869880676,0.39057959119478863
0.5934048071503639,0.6323292776942253,0.6128670424222946,0.43547408158580464
0.7348963096737862,0.7010765895247459,0.717986449599266,0.4673844128847122
0.4890512228012085,0.5691306293010712,0.5290909260511398,0.5216576059659322
0.7432986544445157,0.2720661507919431,0.5076824026182294,0.6639413066829244
0.5131955146789551,0.6381275653839111,0.5756615400314331,0.4254183868567149
0.5253772586584091,0.4519658833742142,0.48867157101631165,0.41582682728767395
