GLP Model
Parameters:
- m0:20.0
- m:1.0
- p:0.75
- beta:0.64

 Size : 999
 Size of core : 14
 % of P2P links : 0.27
 % of nodes in level 1 : 1.3
 % of nodes in level 2 : 21.82
 % of nodes in level 3 : 58.36
 % of nodes in level 4 : 18.32
 % of nodes in level 5 : 0.2
 Degree of level 1 : 76.46
 Degree of level 2 : 16.9
 Degree of level 3 : 4.32
 Degree of level 4 : 3.21
 Degree of level 5 : 2

1 (1)  [3, 5, 6, 7, 7, 9, 10, 11, 12, 24, 54, 78, 83, 148, 158, 192, 207, 209, 237, 262, 266, 270, 289, 295, 316, 319, 320, 330, 337, 355, 363, 378, 395, 405, 407, 421, 428, 431, 432, 435, 436, 437, 461, 466, 470, 475, 480, 481, 483, 490, 498, 499, 500, 501, 502, 505, 507, 508, 514]
2 (1)  [3, 6, 7, 7, 8, 10, 11, 12, 13, 17, 27, 73, 100, 110, 123, 124, 134, 149, 163, 181, 184, 196, 202, 208, 209, 213, 218, 226, 227, 260, 269, 284, 304, 331, 362, 373, 390, 397, 404, 418, 427, 447, 451, 460, 463, 482, 485, 488, 492, 496, 498, 499, 501, 502, 503, 505, 506, 507, 513]
3 (1)  [1, 2, 5, 6, 7, 8, 10, 11, 12, 25, 28, 40, 42, 66, 103, 108, 113, 125, 135, 207, 210, 230, 239, 241, 273, 290, 315, 325, 334, 340, 343, 347, 381, 383, 385, 406, 416, 423, 425, 430, 432, 435, 436, 448, 456, 467, 469, 471, 475, 483, 485, 490, 495, 500, 501, 504, 506, 507, 508, 513]
4 (1)  [5, 7, 7, 9, 10, 11, 12, 13, 33, 36, 43, 52, 67, 90, 130, 145, 198, 275, 281, 283, 293, 323, 329, 337, 341, 376, 379, 385, 388, 394, 395, 398, 401, 412, 420, 424, 429, 432, 434, 447, 448, 450, 456, 460, 466, 474, 478, 493, 497, 499, 500, 501, 502, 504, 505, 506, 507, 508, 509, 510, 511]
5 (1)  [1, 3, 4, 7, 8, 9, 10, 11, 13, 16, 29, 37, 47, 74, 77, 92, 101, 127, 130, 195, 199, 218, 233, 236, 255, 274, 278, 291, 307, 311, 323, 330, 336, 341, 361, 366, 374, 396, 397, 399, 406, 409, 412, 418, 428, 430, 434, 438, 452, 453, 458, 469, 474, 476, 480, 497, 500, 502, 504, 508, 510, 512, 514]
6 (1)  [1, 2, 3, 7, 8, 10, 11, 12, 13, 18, 19, 30, 34, 45, 46, 51, 55, 63, 76, 82, 131, 142, 164, 169, 185, 244, 245, 252, 254, 258, 266, 279, 284, 308, 340, 341, 346, 363, 389, 390, 401, 402, 405, 429, 440, 447, 450, 451, 458, 459, 462, 464, 466, 475, 479, 481, 482, 485, 488, 496, 502, 503, 504, 506, 508, 512, 513, 514]
7 (1)  [1, 2, 4, 5, 6, 7, 9, 10, 11, 12, 15, 35, 39, 61, 76, 86, 107, 114, 156, 159, 166, 173, 182, 190, 209, 213, 227, 231, 233, 239, 243, 246, 253, 257, 261, 265, 268, 272, 281, 286, 299, 301, 311, 328, 336, 338, 354, 359, 380, 386, 399, 402, 404, 410, 415, 420, 421, 422, 424, 432, 437, 440, 451, 452, 456, 457, 462, 474, 477, 486, 488, 495, 496, 497, 500, 502, 504, 507, 509, 511]
8 (1)  [2, 3, 5, 6, 7, 9, 10, 11, 12, 13, 22, 49, 84, 96, 118, 163, 179, 185, 187, 205, 211, 216, 228, 230, 249, 250, 257, 262, 266, 270, 284, 285, 294, 297, 317, 327, 331, 333, 335, 349, 352, 356, 360, 364, 365, 377, 378, 381, 384, 393, 395, 397, 402, 405, 409, 426, 430, 433, 441, 442, 443, 446, 449, 456, 464, 468, 472, 475, 476, 484, 485, 486, 495, 497, 498, 499, 503, 506, 508, 511, 513]
9 (1)  [1, 4, 5, 7, 7, 8, 10, 11, 12, 14, 20, 41, 85, 104, 119, 132, 133, 138, 139, 140, 143, 144, 150, 175, 176, 190, 193, 197, 219, 225, 227, 232, 258, 260, 261, 273, 279, 284, 298, 308, 310, 311, 330, 338, 339, 342, 345, 349, 353, 377, 382, 385, 400, 401, 410, 413, 417, 420, 441, 446, 448, 453, 454, 466, 472, 476, 478, 480, 483, 484, 486, 491, 492, 494, 495, 496, 498, 499, 500, 502, 505, 509, 513]
10 (1)  [1, 2, 3, 4, 5, 6, 7, 8, 9, 11, 38, 65, 80, 93, 103, 112, 113, 116, 122, 129, 131, 133, 137, 147, 154, 155, 167, 172, 176, 189, 193, 194, 203, 212, 217, 240, 245, 257, 300, 315, 317, 319, 328, 331, 332, 334, 344, 350, 351, 362, 373, 376, 384, 394, 396, 403, 406, 409, 411, 413, 425, 438, 442, 445, 448, 453, 455, 457, 471, 472, 476, 477, 478, 480, 483, 485, 486, 490, 492, 493, 496, 499, 500, 501, 502, 503, 505, 507, 509, 510, 512, 513]
11 (1)  [1, 2, 3, 4, 5, 6, 7, 7, 8, 9, 10, 13, 26, 31, 48, 60, 70, 99, 104, 105, 107, 117, 121, 124, 126, 145, 146, 165, 173, 183, 186, 188, 189, 196, 200, 215, 222, 226, 229, 234, 235, 244, 251, 263, 276, 296, 300, 314, 333, 337, 344, 367, 368, 374, 390, 392, 396, 399, 400, 404, 405, 408, 412, 416, 420, 423, 426, 432, 433, 439, 443, 444, 447, 448, 452, 466, 471, 472, 473, 479, 481, 484, 485, 490, 493, 494, 499, 503, 505, 508, 509, 510, 512]
12 (1)  [1, 2, 3, 4, 6, 7, 7, 8, 9, 56, 71, 84, 87, 88, 89, 94, 105, 108, 136, 147, 151, 157, 160, 161, 168, 170, 178, 182, 187, 191, 220, 223, 224, 233, 239, 256, 277, 280, 282, 287, 290, 298, 299, 300, 302, 303, 307, 318, 324, 335, 336, 345, 363, 368, 370, 375, 387, 388, 390, 401, 405, 406, 409, 410, 414, 416, 417, 420, 421, 430, 431, 441, 457, 461, 469, 471, 472, 474, 477, 480, 482, 483, 485, 487, 488, 490, 493, 494, 496, 497, 498, 504, 505, 508, 510, 511, 512]
13 (1)  [2, 4, 5, 6, 7, 8, 11, 32, 44, 58, 59, 62, 69, 79, 99, 115, 117, 120, 132, 152, 156, 162, 171, 177, 180, 182, 201, 204, 211, 214, 216, 221, 239, 248, 252, 254, 255, 258, 261, 269, 271, 272, 283, 286, 291, 297, 301, 305, 306, 308, 312, 313, 322, 331, 338, 343, 346, 347, 349, 352, 358, 369, 371, 372, 379, 382, 385, 388, 391, 399, 404, 416, 417, 422, 428, 446, 447, 449, 450, 460, 463, 468, 470, 473, 474, 475, 480, 487, 492, 495, 499, 500, 504, 505, 506, 507, 511, 514]
14 (2)  [9]
15 (2)  [7]
16 (2)  [5]
17 (2)  [2]
18 (2)  [6]
19 (2)  [6]
20 (2)  [9]
21 (2)  [7]
22 (2)  [8]
23 (2)  [7]
24 (2)  [1]
25 (2)  [3]
26 (2)  [11]
27 (2)  [2]
28 (2)  [3]
29 (2)  [5]
30 (2)  [6]
31 (2)  [11]
32 (2)  [13]
33 (2)  [4]
34 (2)  [6]
35 (2)  [7]
36 (2)  [4]
37 (2)  [5]
38 (2)  [10]
39 (2)  [7]
40 (2)  [3]
41 (2)  [9]
42 (2)  [3]
43 (2)  [4]
44 (2)  [13]
45 (2)  [6]
46 (3)  [6, 500]
47 (3)  [5, 437]
48 (3)  [11, 510]
49 (3)  [8, 428]
50 (3)  [7, 512]
51 (2)  [6, 878]
52 (3)  [4, 511]
53 (3)  [7, 481]
54 (3)  [1, 494]
55 (3)  [6, 368]
56 (3)  [12, 488]
57 (3)  [7, 494]
58 (3)  [13, 495]
59 (3)  [13, 456]
60 (3)  [11, 510]
61 (3)  [7, 494]
62 (3)  [13, 341]
63 (3)  [6, 397]
64 (3)  [7, 513]
65 (3)  [10, 298]
66 (3)  [3, 486]
67 (3)  [4, 477]
68 (2)  [7, 630]
69 (3)  [13, 384]
70 (3)  [11, 442]
71 (3)  [12, 422]
72 (3)  [7, 486]
73 (3)  [2, 514]
74 (3)  [5, 496]
75 (3)  [7, 501]
76 (2)  [6, 7]
77 (2)  [5, 926]
78 (3)  [1, 180]
79 (3)  [13, 509]
80 (3)  [10, 469]
81 (3)  [7, 432]
82 (2)  [6, 7]
83 (3)  [1, 310]
84 (2)  [8, 12]
85 (3)  [9, 506]
86 (3)  [7, 470]
87 (3)  [12, 511]
88 (3)  [12, 454]
89 (3)  [12, 397]
90 (3)  [4, 349]
91 (3)  [7, 266]
92 (3)  [5, 492]
93 (3)  [10, 506]
94 (3)  [12, 378]
95 (2)  [7, 920]
96 (3)  [8, 226]
97 (3)  [7, 506]
98 (3)  [7, 462, 507]
99 (2)  [11, 13, 810]
100 (3)  [2, 424, 962]
101 (3)  [5, 463, 505]
102 (3)  [7, 487, 500]
103 (3)  [3, 10, 502]
104 (2)  [9, 11, 971]
105 (3)  [11, 12, 413]
106 (3)  [7, 513, 971]
107 (3)  [7, 11, 486]
108 (3)  [3, 12, 489]
109 (3)  [7, 408, 829]
110 (3)  [2, 484, 498]
111 (3)  [7, 303, 968]
112 (3)  [10, 429, 489]
113 (3)  [3, 10, 480]
114 (3)  [7, 336, 388]
115 (3)  [13, 354, 478]
116 (3)  [10, 472, 478]
117 (3)  [11, 13, 502]
118 (3)  [8, 324, 418]
119 (3)  [9, 461, 511]
120 (3)  [13, 475, 968]
121 (3)  [11, 139, 502]
122 (3)  [10, 506, 955]
123 (3)  [2, 388, 419]
124 (2)  [2, 11, 971]
125 (2)  [3, 7, 794]
126 (3)  [11, 433, 459]
127 (3)  [5, 424, 485]
128 (3)  [7, 408, 473]
129 (3)  [7, 10, 434]
130 (2)  [4, 5, 945]
131 (3)  [6, 10, 335]
132 (3)  [9, 13, 391]
133 (3)  [9, 10, 379]
134 (3)  [2, 451, 507]
135 (2)  [3, 7, 788]
136 (3)  [12, 418, 968]
137 (3)  [7, 10, 310]
138 (3)  [9, 504, 972]
139 (3)  [9, 121, 463]
140 (3)  [9, 437, 459]
141 (3)  [7, 377, 415]
142 (3)  [6, 332, 423]
143 (3)  [9, 334, 482]
144 (3)  [9, 484, 489]
145 (3)  [4, 11, 201, 453]
146 (3)  [11, 447, 476, 514]
147 (3)  [10, 12, 435, 512]
148 (3)  [1, 332, 378, 506]
149 (3)  [2, 290, 377, 514]
150 (3)  [9, 424, 504, 955]
151 (2)  [12, 383, 509, 545]
152 (2)  [13, 286, 461, 598]
153 (3)  [7, 430, 506, 973]
154 (3)  [10, 172, 282, 387]
155 (2)  [10, 343, 508, 605]
156 (3)  [7, 13, 179, 511]
157 (3)  [12, 470, 501, 511]
158 (3)  [1, 303, 361, 447]
159 (3)  [7, 230, 341, 452]
160 (3)  [12, 440, 454, 960]
161 (2)  [12, 375, 500, 536]
162 (2)  [13, 238, 339, 789]
163 (3)  [2, 7, 8, 482]
164 (3)  [6, 325, 513, 691]
165 (3)  [11, 227, 422, 484]
166 (3)  [7, 320, 430, 438]
167 (3)  [10, 257, 449, 856]
168 (3)  [12, 324, 351, 839]
169 (3)  [6, 249, 294, 919]
170 (3)  [12, 454, 475, 495]
171 (3)  [7, 13, 384, 491]
172 (3)  [10, 154, 329, 513]
173 (3)  [7, 11, 473, 503]
174 (3)  [7, 295, 353, 453]
175 (3)  [7, 9, 474, 498]
176 (3)  [9, 10, 221, 414]
177 (3)  [13, 413, 478, 509]
178 (3)  [12, 417, 443, 721]
179 (3)  [8, 156, 445, 864]
180 (2)  [13, 78, 421, 513]
181 (3)  [2, 408, 498, 780]
182 (2)  [7, 12, 13, 811]
183 (3)  [11, 293, 398, 790]
184 (3)  [2, 417, 465, 903]
185 (3)  [6, 8, 266, 512]
186 (3)  [11, 406, 411, 482, 486]
187 (3)  [8, 12, 404, 495, 973]
188 (3)  [11, 370, 453, 454, 514]
189 (3)  [10, 11, 269, 488, 496]
190 (3)  [7, 9, 446, 497, 809]
191 (3)  [12, 319, 396, 462, 511]
192 (3)  [1, 450, 452, 485, 514]
193 (3)  [9, 10, 394, 469, 483]
194 (3)  [10, 208, 386, 490, 507]
195 (3)  [5, 471, 479, 483, 513]
196 (3)  [2, 11, 490, 508, 869]
197 (3)  [9, 393, 472, 482, 494]
198 (3)  [4, 225, 376, 437, 826]
199 (3)  [5, 414, 434, 491, 495]
200 (3)  [11, 269, 314, 484, 506]
201 (3)  [13, 145, 286, 449, 696]
202 (3)  [2, 213, 454, 479, 849]
203 (3)  [10, 247, 341, 483, 510]
204 (3)  [13, 393, 509, 511, 956]
205 (3)  [8, 359, 497, 802, 893]
206 (3)  [7, 332, 511, 734, 943]
207 (3)  [1, 3, 258, 445, 831]
208 (2)  [2, 194, 373, 649, 776]
209 (3)  [1, 2, 7, 348, 881]
210 (3)  [3, 234, 259, 278, 340]
211 (3)  [8, 13, 260, 434, 503]
212 (3)  [10, 247, 448, 505, 512]
213 (3)  [2, 7, 202, 506, 971]
214 (3)  [13, 242, 386, 452, 907]
215 (2)  [11, 436, 500, 680, 971]
216 (3)  [8, 13, 418, 918, 960]
217 (3)  [10, 296, 306, 410, 464]
218 (3)  [2, 5, 387, 514, 939]
219 (2)  [7, 9, 514, 588, 957]
220 (3)  [12, 422, 447, 487, 864]
221 (2)  [13, 176, 343, 512, 565]
222 (3)  [11, 297, 467, 473, 486]
223 (2)  [12, 370, 412, 592, 948]
224 (3)  [12, 304, 399, 425, 478]
225 (2)  [9, 198, 479, 508, 668]
226 (2)  [2, 11, 96, 309, 422, 440]
227 (2)  [2, 7, 9, 165, 427, 583]
228 (3)  [8, 254, 292, 386, 470, 509]
229 (3)  [11, 244, 489, 501, 511, 956]
230 (3)  [3, 8, 159, 463, 473, 973]
231 (3)  [7, 267, 358, 442, 477, 484]
232 (3)  [9, 339, 360, 454, 491, 500]
233 (3)  [5, 7, 12, 401, 509, 963]
234 (3)  [11, 210, 430, 472, 491, 497]
235 (3)  [11, 239, 347, 409, 466, 507]
236 (2)  [5, 406, 429, 439, 674, 959]
237 (3)  [1, 302, 329, 342, 400, 505]
238 (3)  [7, 162, 446, 468, 505, 509]
239 (3)  [3, 7, 12, 13, 235, 510]
240 (3)  [10, 302, 395, 492, 843, 958]
241 (3)  [3, 334, 370, 486, 505, 902]
242 (3)  [7, 214, 347, 491, 507, 973]
243 (3)  [7, 383, 389, 412, 432, 462]
244 (3)  [6, 11, 229, 322, 467, 880]
245 (3)  [6, 7, 10, 470, 893, 952]
246 (2)  [7, 447, 459, 512, 631, 844]
247 (3)  [7, 203, 212, 352, 404, 496]
248 (3)  [13, 502, 508, 751, 959, 965]
249 (3)  [8, 169, 394, 403, 821, 923]
250 (3)  [8, 288, 370, 394, 426, 835]
251 (3)  [11, 324, 486, 487, 492, 930]
252 (3)  [6, 13, 368, 396, 490, 970]
253 (3)  [7, 7, 344, 404, 441, 483, 701]
254 (3)  [6, 13, 228, 363, 407, 505, 971]
255 (2)  [5, 13, 450, 727, 754, 904, 956]
256 (3)  [12, 292, 361, 371, 503, 507, 509]
257 (3)  [7, 8, 10, 167, 481, 496, 514]
258 (3)  [6, 9, 13, 207, 312, 505, 966]
259 (3)  [7, 210, 429, 473, 483, 497, 511]
260 (3)  [2, 7, 9, 211, 495, 501, 503]
261 (3)  [7, 7, 9, 13, 275, 474, 969]
262 (3)  [1, 8, 344, 390, 415, 446, 482]
263 (3)  [11, 281, 393, 479, 486, 514, 941]
264 (2)  [7, 353, 435, 454, 487, 595, 927]
265 (2)  [7, 379, 450, 451, 488, 745, 847]
266 (2)  [1, 6, 8, 91, 185, 854, 933]
267 (2)  [7, 231, 465, 469, 500, 509, 571]
268 (2)  [7, 272, 380, 386, 513, 769, 781]
269 (3)  [2, 13, 189, 200, 381, 732, 855]
270 (3)  [1, 8, 464, 485, 499, 513, 891]
271 (3)  [7, 13, 487, 501, 907, 926, 973]
272 (3)  [7, 13, 268, 505, 845, 894, 932]
273 (3)  [3, 9, 397, 439, 478, 498, 941]
274 (3)  [5, 7, 421, 468, 512, 860, 971]
275 (3)  [4, 261, 312, 361, 416, 433, 478]
276 (3)  [11, 316, 401, 407, 480, 498, 499]
277 (3)  [12, 377, 382, 492, 493, 496, 501]
278 (3)  [5, 7, 210, 294, 433, 484, 511]
279 (3)  [6, 9, 322, 338, 344, 356, 899]
280 (3)  [12, 335, 458, 485, 843, 914, 948]
281 (2)  [4, 7, 263, 388, 417, 546, 841]
282 (3)  [12, 154, 408, 467, 470, 512, 934]
283 (2)  [4, 13, 399, 455, 480, 500, 600]
284 (3)  [2, 6, 7, 8, 9, 375, 457, 513]
285 (3)  [8, 301, 383, 425, 449, 510, 513, 913]
286 (3)  [7, 13, 152, 201, 298, 377, 447, 950]
287 (2)  [7, 12, 302, 347, 375, 512, 744, 948]
288 (3)  [7, 250, 382, 385, 493, 510, 951, 969]
289 (3)  [1, 7, 367, 463, 465, 502, 874, 967]
290 (2)  [3, 12, 149, 361, 381, 456, 802, 809]
291 (3)  [5, 13, 458, 497, 504, 507, 941, 959]
292 (2)  [7, 228, 256, 409, 463, 492, 544, 971]
293 (3)  [4, 183, 368, 453, 470, 502, 698, 806]
294 (2)  [8, 169, 278, 327, 372, 378, 464, 957]
295 (3)  [1, 174, 347, 384, 428, 455, 508, 509]
296 (3)  [11, 217, 309, 446, 496, 500, 511, 716]
297 (3)  [7, 8, 13, 222, 463, 822, 922, 973]
298 (2)  [9, 12, 65, 286, 431, 495, 942, 961]
299 (3)  [7, 12, 348, 427, 477, 514, 887, 913]
300 (3)  [10, 11, 12, 403, 445, 463, 505, 513, 964]
301 (3)  [7, 13, 285, 325, 332, 406, 477, 493, 498]
302 (3)  [12, 237, 240, 287, 440, 458, 502, 504, 513]
303 (2)  [12, 111, 158, 408, 455, 494, 514, 911, 956]
304 (2)  [2, 224, 316, 369, 433, 509, 633, 728, 950]
305 (2)  [13, 362, 415, 428, 471, 496, 505, 513, 561]
306 (2)  [13, 217, 472, 490, 608, 778, 801, 815, 964]
307 (3)  [5, 12, 387, 394, 429, 446, 467, 471, 508]
308 (2)  [6, 9, 13, 459, 485, 618, 877, 904, 953]
309 (3)  [7, 226, 296, 311, 467, 476, 487, 500, 865]
310 (2)  [9, 83, 137, 425, 465, 467, 471, 484, 494]
311 (3)  [5, 7, 7, 9, 309, 443, 481, 500, 512]
312 (3)  [13, 258, 275, 339, 389, 434, 456, 489, 874]
313 (3)  [7, 13, 438, 465, 485, 491, 495, 514, 886]
314 (3)  [11, 200, 400, 416, 420, 459, 484, 511, 944]
315 (3)  [3, 10, 321, 369, 482, 502, 506, 511, 949]
316 (3)  [1, 276, 304, 436, 471, 481, 485, 502, 514]
317 (2)  [8, 10, 439, 508, 654, 879, 882, 950, 965]
318 (2)  [12, 401, 424, 446, 480, 487, 501, 541, 861]
319 (3)  [1, 10, 191, 442, 457, 473, 482, 489, 903]
320 (3)  [1, 166, 407, 430, 500, 502, 504, 506, 969]
321 (3)  [7, 315, 485, 508, 720, 908, 938, 955, 965]
322 (3)  [13, 244, 279, 367, 409, 433, 442, 490, 505]
323 (2)  [4, 5, 371, 504, 509, 511, 532, 753, 970]
324 (2)  [12, 118, 168, 251, 431, 462, 473, 513, 793]
325 (3)  [3, 164, 301, 326, 447, 499, 512, 850, 883]
326 (3)  [7, 325, 396, 407, 443, 453, 484, 511, 916]
327 (3)  [7, 8, 294, 459, 489, 504, 509, 512, 889]
328 (2)  [7, 7, 10, 353, 412, 449, 460, 720, 880]
329 (3)  [4, 172, 237, 374, 423, 442, 456, 496, 513, 967]
330 (2)  [1, 5, 9, 384, 411, 478, 485, 511, 513, 515]
331 (3)  [2, 8, 10, 13, 384, 432, 491, 509, 512, 959]
332 (3)  [7, 10, 142, 148, 206, 301, 373, 478, 498, 503]
333 (3)  [7, 8, 11, 417, 440, 452, 491, 504, 513, 910]
334 (3)  [3, 10, 143, 241, 449, 486, 502, 765, 792, 962]
335 (2)  [8, 12, 131, 280, 398, 399, 457, 467, 496, 502]
336 (3)  [5, 7, 12, 114, 449, 453, 470, 474, 501, 509]
337 (3)  [1, 4, 11, 401, 420, 466, 482, 493, 816, 973]
338 (2)  [7, 7, 9, 13, 279, 359, 366, 503, 585, 730]
339 (3)  [9, 162, 232, 312, 393, 398, 413, 426, 506, 511]
340 (2)  [3, 6, 210, 438, 456, 503, 505, 724, 808, 973]
341 (2)  [4, 5, 6, 62, 159, 203, 409, 421, 495, 852]
342 (2)  [7, 9, 237, 362, 436, 458, 499, 502, 673, 732]
343 (3)  [3, 13, 155, 221, 468, 475, 812, 948, 949, 950]
344 (3)  [10, 11, 253, 262, 279, 349, 388, 419, 463, 484]
345 (3)  [9, 12, 372, 429, 444, 445, 489, 508, 513, 702]
346 (3)  [6, 13, 369, 371, 427, 480, 486, 497, 512, 915]
347 (3)  [3, 13, 235, 242, 287, 295, 360, 471, 488, 513]
348 (2)  [7, 209, 299, 391, 411, 432, 453, 471, 493, 497]
349 (2)  [8, 9, 13, 90, 344, 440, 463, 486, 497, 693]
350 (2)  [10, 370, 435, 448, 451, 483, 495, 514, 518, 748]
351 (3)  [7, 10, 168, 410, 420, 469, 511, 907, 970, 972]
352 (3)  [8, 13, 247, 406, 438, 457, 493, 509, 514, 966]
353 (2)  [9, 174, 264, 328, 377, 398, 412, 435, 483, 790]
354 (2)  [7, 115, 403, 409, 441, 454, 502, 505, 537, 915, 932]
355 (3)  [1, 398, 477, 492, 493, 506, 830, 952, 968, 972, 973]
356 (3)  [8, 279, 447, 456, 468, 481, 483, 505, 508, 509, 849]
357 (2)  [7, 462, 491, 503, 510, 511, 512, 513, 655, 715, 848]
358 (3)  [13, 231, 450, 463, 467, 492, 503, 506, 512, 813, 814]
359 (3)  [7, 7, 205, 338, 409, 423, 470, 489, 501, 512, 513]
360 (3)  [8, 232, 347, 383, 444, 469, 490, 509, 512, 908, 929]
361 (2)  [5, 158, 256, 275, 290, 388, 461, 496, 502, 636, 911]
362 (2)  [2, 7, 10, 305, 342, 460, 499, 509, 513, 617, 759]
363 (3)  [1, 6, 12, 254, 467, 471, 492, 495, 502, 505, 510]
364 (3)  [8, 365, 448, 453, 477, 478, 482, 501, 506, 507, 512, 971]
365 (3)  [8, 364, 414, 449, 465, 468, 496, 501, 510, 769, 901, 912]
366 (2)  [5, 338, 369, 455, 464, 465, 478, 492, 506, 538, 842, 968]
367 (2)  [11, 289, 322, 397, 440, 448, 466, 506, 512, 594, 864, 905]
368 (2)  [7, 11, 12, 55, 252, 293, 424, 478, 493, 739, 839, 966]
369 (3)  [13, 304, 315, 346, 366, 449, 477, 499, 511, 513, 913, 960]
370 (3)  [12, 188, 223, 241, 250, 350, 465, 493, 505, 889, 898, 969]
371 (3)  [13, 256, 323, 346, 455, 475, 505, 506, 510, 940, 953, 969]
372 (3)  [7, 13, 294, 345, 455, 457, 485, 488, 493, 511, 796, 939]
373 (3)  [2, 10, 208, 332, 376, 399, 435, 476, 488, 489, 497, 499]
374 (2)  [5, 11, 329, 423, 481, 494, 604, 628, 695, 885, 922, 955]
375 (3)  [7, 12, 161, 284, 287, 378, 439, 456, 469, 777, 905, 914]
376 (3)  [4, 7, 10, 198, 373, 419, 424, 504, 733, 868, 893, 953]
377 (3)  [8, 9, 141, 149, 277, 286, 353, 379, 427, 508, 513, 514]
378 (2)  [1, 8, 94, 148, 294, 375, 416, 430, 479, 514, 743, 870]
379 (2)  [4, 13, 133, 265, 377, 392, 427, 436, 487, 499, 512, 810]
380 (3)  [7, 268, 385, 431, 448, 455, 510, 795, 838, 848, 956, 973]
381 (2)  [3, 8, 269, 290, 387, 418, 427, 437, 462, 478, 487, 499, 504]
382 (3)  [9, 13, 277, 288, 416, 452, 460, 480, 487, 497, 506, 511, 512]
383 (2)  [3, 151, 243, 285, 360, 462, 494, 510, 514, 590, 822, 905, 927]
384 (2)  [8, 10, 69, 171, 295, 330, 331, 461, 503, 513, 840, 874, 957]
385 (3)  [3, 4, 9, 13, 288, 380, 416, 491, 498, 499, 500, 502, 911]
386 (2)  [7, 7, 194, 214, 228, 268, 471, 489, 512, 514, 746, 792, 972]
387 (2)  [12, 154, 218, 307, 381, 445, 446, 490, 495, 500, 729, 914, 968]
388 (2)  [4, 7, 12, 13, 114, 123, 281, 344, 361, 418, 420, 428, 882]
389 (3)  [6, 7, 243, 312, 397, 400, 437, 460, 479, 480, 487, 883, 923]
390 (2)  [2, 6, 11, 12, 262, 450, 468, 469, 485, 487, 506, 907, 937, 945]
391 (2)  [13, 132, 348, 406, 421, 483, 504, 512, 513, 514, 868, 906, 943, 964]
392 (2)  [7, 11, 379, 421, 437, 474, 489, 507, 512, 513, 607, 709, 734, 964]
393 (2)  [8, 197, 204, 263, 339, 468, 475, 483, 484, 490, 512, 811, 826, 966]
394 (2)  [4, 7, 10, 193, 249, 250, 307, 429, 488, 490, 499, 504, 672, 929]
395 (2)  [1, 4, 7, 8, 240, 399, 411, 473, 483, 495, 498, 647, 919, 923]
396 (3)  [5, 10, 11, 191, 252, 326, 412, 441, 481, 500, 510, 800, 949, 973]
397 (2)  [2, 5, 8, 63, 89, 273, 367, 389, 413, 484, 486, 503, 509, 572]
398 (2)  [4, 183, 335, 339, 353, 355, 421, 427, 428, 447, 501, 506, 619, 703]
399 (3)  [5, 7, 11, 13, 224, 283, 335, 373, 395, 413, 489, 491, 817, 936]
400 (3)  [7, 9, 11, 237, 314, 389, 434, 465, 503, 504, 507, 819, 901, 963, 970]
401 (2)  [4, 6, 9, 12, 233, 276, 318, 337, 477, 479, 481, 488, 640, 969, 973]
402 (2)  [6, 7, 7, 8, 431, 438, 447, 453, 476, 506, 513, 629, 815, 862, 895]
403 (3)  [10, 249, 300, 354, 452, 459, 478, 483, 492, 496, 502, 513, 514, 784, 937]
404 (2)  [2, 7, 11, 13, 187, 247, 253, 424, 456, 475, 510, 554, 867, 891, 950]
405 (3)  [1, 6, 7, 8, 11, 12, 428, 442, 477, 495, 719, 803, 811, 821, 946]
406 (3)  [3, 5, 10, 12, 186, 236, 301, 352, 391, 407, 445, 495, 910, 947, 970]
407 (2)  [1, 254, 276, 320, 326, 406, 410, 433, 457, 479, 497, 510, 718, 803, 877]
408 (2)  [11, 109, 128, 181, 282, 303, 483, 491, 497, 499, 502, 553, 687, 774, 876]
409 (3)  [5, 7, 8, 10, 12, 235, 292, 322, 341, 354, 359, 492, 501, 507, 743, 961]
410 (2)  [7, 9, 12, 217, 351, 407, 421, 443, 477, 492, 500, 507, 514, 580, 921, 969]
411 (2)  [10, 186, 330, 348, 395, 432, 466, 491, 496, 505, 525, 711, 832, 920, 958, 973]
412 (3)  [4, 5, 7, 11, 223, 243, 328, 353, 396, 436, 466, 469, 472, 501, 504, 925]
413 (2)  [9, 10, 105, 177, 339, 397, 399, 435, 488, 494, 505, 507, 509, 511, 902, 917]
414 (2)  [12, 176, 199, 365, 443, 448, 481, 492, 496, 497, 504, 511, 513, 514, 613, 926]
415 (2)  [7, 141, 262, 305, 427, 461, 462, 492, 500, 509, 555, 719, 888, 936, 959, 972]
416 (2)  [3, 11, 12, 13, 275, 314, 378, 382, 385, 418, 443, 444, 576, 597, 946, 958]
417 (2)  [7, 9, 12, 13, 178, 184, 281, 333, 441, 465, 490, 494, 504, 542, 737, 884]
418 (2)  [2, 5, 7, 118, 136, 216, 381, 388, 416, 449, 458, 487, 506, 671, 748, 959]
419 (3)  [7, 123, 344, 376, 468, 509, 513, 514, 775, 854, 888, 927, 933, 947, 964, 966]
420 (3)  [4, 7, 7, 9, 11, 12, 314, 337, 351, 388, 423, 425, 458, 494, 509, 866, 935]
421 (2)  [1, 7, 12, 180, 274, 341, 391, 392, 398, 410, 481, 484, 524, 708, 821, 855, 966]
422 (2)  [7, 13, 71, 165, 220, 226, 427, 428, 459, 471, 490, 491, 494, 508, 510, 586, 641]
423 (2)  [3, 11, 142, 329, 359, 374, 420, 439, 449, 460, 467, 478, 485, 496, 510, 512, 577]
424 (2)  [4, 7, 100, 127, 150, 318, 368, 376, 404, 458, 470, 497, 510, 685, 698, 890, 942]
425 (3)  [3, 10, 224, 285, 310, 420, 431, 452, 455, 466, 495, 509, 742, 820, 886, 899, 928]
426 (2)  [8, 11, 250, 339, 469, 470, 474, 479, 483, 501, 505, 512, 514, 828, 880, 936, 947, 961]
427 (2)  [2, 227, 299, 346, 377, 379, 381, 398, 415, 422, 451, 477, 490, 498, 511, 534, 701, 779]
428 (2)  [1, 5, 13, 49, 295, 305, 388, 398, 405, 422, 435, 460, 463, 492, 499, 503, 512, 968]
429 (3)  [4, 6, 112, 236, 259, 307, 345, 394, 442, 474, 484, 496, 510, 513, 782, 880, 910, 968]
430 (2)  [3, 5, 8, 12, 153, 166, 234, 320, 378, 437, 440, 473, 503, 504, 512, 714, 887, 973]
431 (2)  [1, 12, 298, 324, 380, 402, 425, 481, 487, 488, 496, 500, 501, 503, 575, 643, 870, 875]
432 (2)  [1, 3, 4, 7, 11, 81, 243, 331, 348, 411, 474, 483, 489, 510, 710, 788, 875, 908]
433 (2)  [8, 11, 126, 275, 278, 304, 322, 407, 458, 464, 466, 489, 512, 514, 736, 892, 937, 962]
434 (2)  [4, 5, 129, 199, 211, 312, 400, 452, 467, 477, 493, 494, 510, 716, 754, 764, 945, 964]
435 (2)  [1, 3, 147, 264, 350, 353, 373, 413, 428, 436, 454, 498, 500, 509, 529, 644, 785, 830]
436 (3)  [1, 3, 215, 316, 342, 379, 412, 435, 437, 466, 492, 494, 504, 509, 514, 918, 942, 962]
437 (2)  [1, 7, 47, 140, 198, 381, 389, 392, 430, 436, 446, 473, 504, 506, 514, 523, 584, 758]
438 (2)  [5, 10, 166, 313, 340, 352, 402, 439, 460, 463, 472, 479, 480, 494, 646, 749, 872, 964]
439 (3)  [7, 11, 236, 273, 317, 375, 423, 438, 459, 463, 474, 482, 488, 499, 503, 514, 878, 909, 971]
440 (2)  [6, 7, 160, 226, 302, 333, 349, 367, 430, 450, 453, 461, 485, 496, 512, 599, 800, 946, 949]
441 (3)  [8, 9, 12, 253, 354, 396, 417, 447, 492, 499, 511, 514, 752, 767, 863, 881, 896, 964, 969]
442 (2)  [8, 10, 70, 231, 319, 322, 329, 405, 429, 459, 460, 489, 500, 501, 503, 509, 513, 814, 897]
443 (2)  [7, 8, 11, 178, 311, 326, 410, 414, 416, 460, 462, 466, 493, 507, 652, 868, 924, 941, 958]
444 (2)  [7, 11, 345, 360, 416, 447, 449, 450, 484, 506, 509, 578, 665, 677, 897, 918, 921, 923, 949, 954]
445 (2)  [10, 179, 207, 300, 345, 387, 406, 461, 470, 479, 500, 505, 511, 700, 722, 887, 942, 968, 971, 973]
446 (2)  [8, 9, 13, 190, 238, 262, 296, 307, 318, 387, 437, 448, 465, 469, 482, 573, 663, 799, 808, 903]
447 (2)  [2, 4, 6, 11, 13, 146, 158, 220, 246, 286, 325, 356, 398, 402, 441, 444, 454, 508, 514, 696]
448 (2)  [3, 4, 7, 9, 10, 11, 212, 350, 364, 367, 380, 414, 446, 507, 513, 582, 885, 897, 906, 953, 960]
449 (2)  [8, 13, 167, 201, 285, 328, 334, 336, 365, 369, 418, 423, 444, 459, 488, 505, 514, 632, 757, 915, 917]
450 (3)  [4, 6, 7, 13, 192, 255, 265, 358, 390, 440, 444, 454, 463, 464, 471, 474, 485, 486, 500, 749, 879]
451 (2)  [2, 6, 7, 7, 134, 265, 350, 427, 452, 457, 466, 469, 481, 483, 495, 501, 512, 527, 873, 910, 958]
452 (3)  [5, 7, 11, 159, 192, 214, 333, 382, 403, 425, 434, 451, 485, 497, 503, 505, 511, 512, 921, 932, 963]
453 (2)  [5, 9, 10, 145, 174, 188, 293, 326, 336, 348, 364, 402, 440, 472, 476, 497, 510, 511, 514, 735, 960, 973]
454 (2)  [9, 88, 160, 170, 188, 202, 232, 264, 354, 435, 447, 450, 477, 483, 484, 500, 506, 508, 689, 724, 832, 937]
455 (2)  [10, 283, 295, 303, 366, 371, 372, 380, 425, 463, 465, 469, 498, 499, 502, 506, 510, 512, 648, 915, 920, 967]
456 (2)  [3, 4, 7, 7, 8, 59, 290, 312, 329, 340, 356, 375, 404, 460, 480, 491, 495, 499, 502, 504, 923, 967]
457 (2)  [7, 10, 12, 284, 319, 335, 352, 372, 407, 451, 471, 475, 487, 503, 507, 512, 513, 737, 816, 838, 950, 953, 972]
458 (3)  [5, 6, 7, 280, 291, 302, 342, 418, 420, 424, 433, 462, 481, 487, 494, 496, 505, 506, 511, 512, 808, 915, 967]
459 (2)  [6, 126, 140, 246, 308, 314, 327, 403, 422, 439, 442, 449, 472, 475, 755, 823, 850, 851, 854, 862, 900, 944, 949]
460 (2)  [2, 4, 13, 328, 362, 382, 389, 423, 428, 438, 442, 443, 456, 483, 484, 486, 491, 501, 593, 645, 872, 935, 972]
461 (3)  [1, 7, 12, 119, 152, 361, 384, 415, 440, 445, 469, 477, 480, 485, 502, 503, 507, 798, 845, 873, 954, 959, 963, 965]
462 (2)  [6, 7, 7, 98, 191, 243, 324, 357, 381, 383, 415, 443, 458, 472, 474, 494, 504, 511, 653, 661, 705, 735, 837, 873]
463 (2)  [2, 13, 101, 139, 230, 289, 292, 297, 300, 344, 349, 358, 428, 438, 439, 450, 455, 474, 488, 509, 521, 817, 819, 844, 956]
464 (2)  [6, 8, 217, 270, 294, 366, 433, 450, 470, 472, 476, 495, 497, 498, 509, 513, 566, 621, 706, 929, 940, 955, 961, 966, 973]
465 (2)  [7, 184, 267, 289, 310, 313, 365, 366, 370, 400, 417, 446, 455, 468, 473, 483, 506, 508, 511, 513, 681, 777, 786, 791, 836, 906]
466 (2)  [1, 4, 6, 9, 11, 235, 337, 367, 411, 412, 425, 433, 436, 443, 451, 475, 496, 497, 501, 505, 509, 860, 895, 933, 951, 961]
467 (2)  [3, 222, 244, 282, 307, 309, 310, 335, 358, 363, 423, 434, 475, 491, 492, 504, 510, 514, 642, 726, 752, 753, 875, 876, 901, 937]
468 (2)  [8, 13, 238, 274, 343, 356, 365, 390, 393, 419, 465, 474, 476, 488, 489, 491, 502, 506, 508, 587, 603, 825, 917, 919, 952, 954]
469 (2)  [3, 5, 12, 80, 193, 267, 351, 360, 375, 390, 412, 426, 446, 451, 455, 461, 498, 684, 741, 746, 797, 891, 929, 934, 941, 972]
470 (2)  [1, 13, 86, 157, 228, 245, 282, 293, 336, 359, 424, 426, 445, 464, 491, 493, 497, 500, 502, 514, 708, 715, 718, 801, 934, 942]
471 (2)  [3, 10, 11, 12, 195, 305, 307, 310, 316, 347, 348, 363, 386, 422, 450, 457, 488, 499, 507, 510, 511, 514, 771, 772, 935, 963]
472 (2)  [8, 9, 10, 11, 12, 116, 197, 234, 306, 412, 438, 453, 459, 462, 464, 477, 481, 487, 493, 498, 500, 501, 513, 564, 895, 967, 970]
473 (2)  [11, 13, 128, 173, 222, 230, 259, 319, 324, 395, 430, 437, 465, 485, 488, 496, 503, 624, 738, 805, 863, 876, 901, 933, 965, 973]
474 (2)  [4, 5, 7, 12, 13, 175, 261, 336, 392, 426, 429, 432, 439, 450, 462, 463, 468, 478, 479, 486, 496, 503, 507, 514, 610, 768, 897, 968]
475 (2)  [1, 3, 6, 7, 8, 13, 120, 170, 343, 371, 393, 404, 457, 459, 466, 467, 481, 482, 488, 494, 509, 511, 512, 651, 738, 805, 947, 951]
476 (2)  [5, 7, 8, 9, 10, 146, 309, 373, 402, 453, 464, 468, 487, 492, 493, 511, 512, 513, 664, 712, 742, 796, 809, 819, 836, 863, 913, 923, 964]
477 (2)  [7, 10, 12, 67, 231, 299, 301, 355, 364, 369, 401, 405, 410, 427, 434, 454, 461, 472, 481, 497, 505, 514, 612, 757, 824, 830, 846, 928, 945, 953]
478 (2)  [4, 7, 9, 10, 115, 116, 177, 224, 273, 275, 330, 332, 364, 366, 368, 381, 403, 423, 474, 481, 482, 489, 497, 508, 511, 559, 614, 660, 728, 879, 945, 972]
479 (2)  [6, 7, 11, 195, 202, 225, 263, 378, 389, 401, 407, 426, 438, 445, 474, 492, 494, 495, 510, 511, 514, 530, 615, 622, 691, 755, 786, 900, 922, 931, 944, 972]
480 (2)  [1, 5, 9, 10, 12, 13, 113, 276, 283, 318, 346, 382, 389, 438, 456, 461, 494, 497, 501, 503, 505, 507, 514, 670, 694, 704, 761, 822, 863, 865, 885, 902, 920]
481 (2)  [1, 6, 7, 11, 53, 257, 311, 316, 356, 374, 396, 401, 414, 421, 431, 451, 458, 472, 475, 477, 478, 487, 502, 504, 662, 699, 726, 774, 818, 867, 903, 929, 942]
482 (2)  [2, 6, 7, 12, 143, 163, 186, 197, 262, 315, 319, 337, 364, 439, 446, 475, 478, 483, 498, 499, 502, 504, 683, 747, 762, 767, 866, 871, 886, 900, 904, 919, 930, 948]
483 (2)  [1, 3, 9, 10, 12, 193, 195, 203, 253, 259, 350, 353, 356, 391, 393, 395, 403, 408, 426, 432, 451, 454, 460, 465, 482, 487, 498, 506, 508, 510, 568, 688, 825, 840, 951]
484 (2)  [8, 9, 11, 110, 144, 165, 200, 231, 278, 310, 314, 326, 344, 393, 397, 421, 429, 444, 454, 460, 486, 491, 494, 499, 509, 510, 511, 514, 703, 762, 795, 812, 869, 949, 959]
485 (2)  [2, 3, 6, 7, 8, 10, 11, 12, 127, 192, 270, 280, 308, 313, 316, 321, 330, 372, 390, 423, 440, 450, 452, 461, 473, 488, 503, 508, 511, 512, 513, 574, 780, 866, 932, 955]
486 (2)  [7, 7, 8, 9, 10, 66, 72, 107, 186, 222, 241, 251, 263, 334, 346, 349, 397, 450, 460, 474, 484, 490, 491, 512, 723, 733, 787, 806, 813, 842, 848, 849, 899, 916, 931, 936]
487 (2)  [12, 13, 102, 220, 251, 264, 271, 309, 318, 379, 381, 382, 389, 390, 418, 431, 457, 458, 472, 476, 481, 483, 498, 500, 509, 511, 512, 513, 514, 722, 766, 864, 868, 876, 889, 951]
488 (2)  [2, 6, 7, 12, 56, 189, 265, 347, 372, 373, 394, 401, 413, 431, 439, 449, 463, 468, 471, 473, 475, 485, 491, 496, 501, 504, 507, 508, 514, 706, 731, 763, 843, 862, 952, 967, 970]
489 (2)  [7, 108, 112, 144, 229, 312, 319, 327, 345, 359, 373, 386, 392, 399, 432, 433, 442, 468, 478, 490, 500, 504, 507, 511, 549, 611, 773, 778, 851, 890, 892, 904, 914, 919, 924, 934, 952]
490 (2)  [1, 3, 10, 11, 12, 194, 196, 252, 306, 322, 360, 387, 393, 394, 417, 422, 427, 486, 489, 495, 503, 508, 513, 514, 725, 764, 820, 831, 835, 837, 839, 852, 861, 881, 917, 973]
491 (2)  [7, 9, 171, 199, 232, 234, 242, 313, 331, 333, 357, 385, 399, 408, 411, 422, 456, 460, 467, 468, 470, 484, 486, 488, 502, 507, 510, 512, 550, 602, 616, 659, 905, 921, 930, 936, 946, 960]
492 (2)  [2, 9, 10, 13, 92, 240, 251, 277, 292, 355, 358, 363, 366, 403, 409, 410, 414, 415, 428, 436, 441, 467, 476, 479, 493, 501, 504, 507, 508, 510, 514, 556, 695, 831, 855, 906, 916, 938]
493 (2)  [4, 10, 11, 12, 277, 288, 301, 337, 348, 352, 355, 368, 370, 372, 434, 443, 470, 472, 476, 492, 500, 503, 508, 510, 511, 606, 609, 635, 637, 650, 694, 784, 797, 820, 841, 844, 882, 890, 926]
494 (2)  [7, 9, 11, 12, 54, 57, 61, 197, 303, 310, 374, 383, 413, 417, 420, 422, 434, 436, 438, 458, 462, 475, 479, 480, 484, 496, 499, 500, 501, 513, 526, 750, 782, 857, 911, 951, 954, 956, 972]
495 (2)  [3, 7, 7, 8, 9, 13, 58, 170, 187, 199, 260, 298, 313, 341, 350, 363, 387, 395, 405, 406, 425, 451, 456, 464, 479, 490, 498, 499, 507, 511, 513, 514, 516, 535, 638, 824, 897, 967, 973]
496 (2)  [2, 6, 7, 7, 9, 10, 12, 74, 189, 247, 257, 277, 296, 305, 329, 335, 361, 365, 403, 411, 414, 423, 429, 431, 440, 458, 466, 473, 474, 488, 494, 505, 512, 514, 569, 692, 770, 894, 920, 926, 952]
497 (2)  [4, 5, 7, 8, 12, 190, 205, 234, 259, 291, 346, 348, 349, 373, 382, 407, 408, 414, 424, 452, 453, 464, 466, 470, 477, 478, 480, 503, 513, 514, 620, 639, 731, 829, 853, 898, 908, 924, 931, 938, 965]
498 (2)  [1, 2, 7, 8, 9, 12, 110, 175, 181, 273, 276, 301, 332, 385, 395, 427, 435, 455, 464, 469, 472, 482, 483, 487, 495, 503, 511, 514, 557, 709, 756, 783, 798, 871, 885, 904, 912, 925, 951, 960, 967, 969, 970]
499 (2)  [1, 2, 4, 8, 9, 10, 11, 13, 270, 276, 325, 342, 362, 369, 373, 379, 381, 385, 394, 408, 428, 439, 441, 455, 456, 471, 482, 484, 494, 495, 508, 517, 533, 552, 656, 667, 740, 773, 807, 883, 922, 934, 957, 969]
500 (2)  [1, 3, 4, 5, 7, 9, 10, 13, 46, 102, 161, 215, 232, 267, 283, 296, 309, 311, 320, 385, 387, 396, 410, 415, 431, 435, 442, 445, 450, 454, 470, 472, 487, 489, 493, 494, 501, 504, 505, 512, 548, 804, 833, 893, 962, 973]
501 (2)  [1, 2, 3, 4, 10, 75, 157, 229, 260, 271, 277, 318, 336, 359, 364, 365, 398, 409, 412, 426, 431, 442, 451, 460, 466, 472, 480, 488, 492, 494, 500, 503, 504, 505, 509, 510, 512, 514, 520, 666, 707, 776, 928, 963, 966, 970, 972]
502 (2)  [1, 2, 4, 5, 6, 7, 9, 10, 103, 117, 121, 248, 289, 293, 302, 315, 316, 320, 334, 335, 342, 354, 361, 363, 385, 403, 408, 455, 456, 461, 468, 470, 481, 482, 491, 506, 512, 513, 699, 759, 827, 858, 867, 872, 906, 938, 955, 958]
503 (2)  [2, 6, 8, 10, 11, 173, 211, 256, 260, 332, 338, 340, 357, 358, 384, 397, 400, 428, 430, 431, 439, 442, 452, 457, 461, 473, 474, 480, 485, 490, 493, 497, 498, 501, 508, 509, 513, 514, 531, 547, 729, 845, 896, 933, 953, 954, 957, 965, 970]
504 (2)  [3, 4, 5, 6, 7, 7, 12, 13, 138, 150, 291, 302, 320, 323, 327, 333, 376, 381, 391, 394, 400, 412, 414, 417, 430, 436, 437, 456, 462, 467, 481, 482, 488, 489, 492, 500, 501, 510, 511, 513, 626, 751, 770, 829, 888, 905, 930, 934, 952, 963]
505 (2)  [1, 2, 4, 7, 9, 10, 11, 12, 13, 101, 212, 237, 238, 241, 254, 258, 272, 300, 305, 322, 340, 354, 356, 363, 370, 371, 411, 413, 426, 445, 449, 452, 458, 466, 477, 480, 496, 500, 501, 507, 508, 513, 514, 539, 540, 658, 686, 799, 834, 847, 899, 901, 933]
506 (2)  [2, 3, 4, 6, 7, 8, 13, 85, 93, 97, 122, 148, 153, 200, 213, 315, 320, 339, 355, 358, 364, 366, 367, 371, 382, 390, 398, 402, 418, 437, 444, 454, 455, 458, 465, 468, 483, 502, 507, 509, 510, 511, 513, 514, 567, 581, 818, 865, 890, 956, 960, 962, 972]
507 (2)  [1, 2, 3, 4, 7, 7, 10, 13, 98, 134, 194, 235, 242, 256, 291, 364, 392, 400, 409, 410, 413, 443, 448, 457, 461, 471, 474, 480, 488, 489, 491, 492, 495, 505, 506, 513, 522, 657, 669, 682, 705, 765, 806, 851, 878, 914, 924, 938, 939, 944, 947, 962, 971]
508 (2)  [1, 3, 4, 5, 6, 7, 8, 11, 12, 155, 196, 225, 248, 295, 307, 317, 321, 345, 356, 377, 422, 447, 454, 465, 468, 478, 483, 485, 488, 490, 492, 493, 499, 503, 505, 511, 512, 543, 627, 634, 679, 740, 747, 766, 827, 832, 856, 872, 884, 903, 937, 938, 943, 958, 967]
509 (2)  [4, 7, 7, 9, 10, 11, 79, 151, 177, 204, 228, 233, 238, 256, 267, 295, 304, 323, 327, 331, 336, 352, 356, 360, 362, 397, 413, 415, 419, 420, 425, 435, 436, 442, 444, 463, 464, 466, 475, 484, 487, 501, 503, 506, 510, 513, 702, 763, 775, 817, 862, 884, 887, 927, 953, 963, 969]
510 (2)  [4, 5, 10, 11, 12, 48, 60, 203, 239, 285, 288, 357, 363, 365, 371, 380, 383, 396, 404, 407, 422, 423, 424, 429, 432, 434, 453, 455, 467, 471, 479, 483, 484, 491, 492, 493, 501, 504, 506, 509, 513, 514, 558, 625, 678, 700, 707, 713, 810, 833, 846, 870, 879, 894, 900, 908, 925, 940, 966]
511 (2)  [4, 7, 8, 12, 13, 52, 87, 119, 156, 157, 191, 204, 206, 229, 259, 278, 296, 314, 315, 323, 326, 330, 339, 351, 357, 369, 372, 382, 413, 414, 427, 441, 445, 452, 453, 458, 462, 465, 471, 475, 476, 478, 479, 484, 485, 487, 489, 493, 495, 498, 504, 506, 508, 514, 560, 563, 717, 760, 816, 841, 877, 895, 896, 902, 919, 924, 935, 952]
512 (2)  [5, 6, 10, 11, 12, 50, 147, 185, 212, 221, 246, 274, 282, 287, 311, 325, 327, 331, 346, 357, 358, 359, 360, 364, 367, 379, 382, 386, 391, 392, 393, 423, 426, 428, 430, 433, 440, 451, 452, 455, 457, 458, 475, 476, 485, 486, 487, 491, 496, 500, 501, 502, 508, 513, 514, 697, 725, 730, 807, 812, 850, 856, 922, 935, 945, 957, 964, 966, 971, 973]
513 (2)  [2, 3, 6, 8, 9, 10, 64, 106, 164, 172, 180, 195, 268, 270, 284, 285, 300, 302, 305, 324, 329, 330, 333, 345, 347, 357, 359, 362, 369, 377, 384, 391, 392, 402, 403, 414, 419, 429, 442, 448, 457, 464, 465, 472, 476, 485, 487, 490, 494, 495, 497, 502, 503, 504, 505, 506, 507, 509, 510, 512, 514, 528, 551, 589, 721, 750, 807, 834, 866, 882, 888, 898, 899, 940, 943, 964, 973]
514 (2)  [1, 5, 6, 7, 13, 73, 146, 149, 188, 192, 218, 219, 257, 263, 299, 303, 313, 316, 350, 352, 377, 378, 383, 386, 391, 403, 410, 414, 419, 426, 433, 436, 437, 439, 441, 447, 449, 453, 467, 470, 471, 474, 477, 479, 480, 484, 487, 488, 490, 492, 495, 496, 497, 498, 501, 503, 505, 506, 510, 511, 512, 513, 519, 562, 570, 579, 591, 596, 601, 675, 676, 697, 713, 741, 859, 869, 874, 877, 884, 909, 916, 925, 928, 950, 954, 961]
515 (3)  [330]
516 (3)  [495]
517 (3)  [499]
518 (3)  [350]
519 (3)  [514]
520 (3)  [501]
521 (3)  [463]
522 (3)  [507]
523 (3)  [437]
524 (3)  [421]
525 (3)  [411]
526 (3)  [494]
527 (3)  [451]
528 (3)  [513]
529 (3)  [435]
530 (3)  [479]
531 (3)  [503]
532 (3)  [323]
533 (3)  [499]
534 (3)  [427]
535 (3)  [495]
536 (3)  [161]
537 (3)  [354]
538 (3)  [366]
539 (3)  [505]
540 (3)  [505]
541 (3)  [318]
542 (3)  [417]
543 (3)  [508]
544 (3)  [292]
545 (3)  [151]
546 (3)  [281]
547 (3)  [503]
548 (3)  [500]
549 (3)  [489]
550 (3)  [491]
551 (3)  [513]
552 (3)  [499]
553 (3)  [408]
554 (3)  [404]
555 (3)  [415]
556 (3)  [492]
557 (3)  [498]
558 (3)  [510]
559 (3)  [478]
560 (3)  [511]
561 (3)  [305]
562 (3)  [514]
563 (3)  [511]
564 (3)  [472]
565 (3)  [221]
566 (3)  [464]
567 (3)  [506]
568 (3)  [483]
569 (3)  [496]
570 (3)  [514]
571 (3)  [267]
572 (3)  [397]
573 (3)  [446]
574 (3)  [485]
575 (3)  [431]
576 (3)  [416]
577 (3)  [423]
578 (3)  [444]
579 (3)  [514]
580 (3)  [410]
581 (3)  [506]
582 (3)  [448]
583 (3)  [227]
584 (3)  [437]
585 (3)  [338]
586 (3)  [422]
587 (3)  [468]
588 (3)  [219]
589 (3)  [513]
590 (3)  [383]
591 (3)  [514]
592 (3)  [223]
593 (3)  [460]
594 (3)  [367]
595 (3)  [264]
596 (3)  [514]
597 (3)  [416]
598 (3)  [152]
599 (3)  [440]
600 (3)  [283]
601 (3)  [514]
602 (3)  [491]
603 (3)  [468]
604 (3)  [374]
605 (3)  [155]
606 (3)  [493]
607 (3)  [392]
608 (3)  [306]
609 (3)  [493]
610 (3)  [474]
611 (3)  [489]
612 (3)  [477]
613 (3)  [414]
614 (3)  [478]
615 (3)  [479]
616 (3)  [491]
617 (3)  [362]
618 (3)  [308]
619 (3)  [398]
620 (3)  [497]
621 (3)  [464]
622 (3)  [479]
623 (3)  [557]
624 (3)  [473]
625 (3)  [510]
626 (3)  [504]
627 (3)  [508]
628 (3)  [374]
629 (3)  [402]
630 (3)  [68]
631 (3)  [246]
632 (3)  [449]
633 (3)  [304]
634 (3)  [508]
635 (3)  [493]
636 (3)  [361]
637 (3)  [493]
638 (3)  [495]
639 (3)  [497]
640 (3)  [401]
641 (3)  [422]
642 (3)  [467]
643 (3)  [431]
644 (3)  [435]
645 (3)  [460]
646 (3)  [438]
647 (3)  [395]
648 (3)  [455]
649 (3)  [208]
650 (3)  [493]
651 (3)  [475]
652 (3)  [443]
653 (3)  [462]
654 (3)  [317]
655 (3)  [357]
656 (3)  [499]
657 (3)  [507]
658 (3)  [505]
659 (3)  [491]
660 (3)  [478]
661 (3)  [462]
662 (3)  [481]
663 (3)  [446]
664 (3)  [476]
665 (3)  [444]
666 (3)  [501]
667 (3)  [499]
668 (3)  [225]
669 (3)  [507]
670 (3)  [480]
671 (3)  [418]
672 (3)  [394]
673 (3)  [342]
674 (3)  [236]
675 (3)  [514]
676 (3)  [514]
677 (3)  [444]
678 (3)  [510]
679 (3)  [508]
680 (3)  [215]
681 (3)  [465]
682 (3)  [507]
683 (3)  [482]
684 (3)  [469]
685 (3)  [424]
686 (3)  [505]
687 (3)  [408]
688 (3)  [483]
689 (3)  [454]
690 (3)  [623]
691 (4)  [164, 479]
692 (4)  [496, 967]
693 (4)  [349, 958]
694 (3)  [480, 493]
695 (3)  [374, 492]
696 (4)  [201, 447]
697 (3)  [512, 514]
698 (4)  [293, 424]
699 (3)  [481, 502]
700 (3)  [445, 510]
701 (4)  [253, 427]
702 (4)  [345, 509]
703 (3)  [398, 484]
704 (4)  [480, 858]
705 (3)  [462, 507]
706 (3)  [464, 488]
707 (3)  [501, 510]
708 (3)  [421, 470]
709 (3)  [392, 498]
710 (4)  [432, 970]
711 (4)  [411, 961]
712 (4)  [476, 969]
713 (3)  [510, 514]
714 (3)  [430, 991]
715 (3)  [357, 470]
716 (4)  [296, 434]
717 (4)  [511, 909]
718 (3)  [407, 470]
719 (4)  [405, 415]
720 (4)  [321, 328]
721 (4)  [178, 513]
722 (3)  [445, 487]
723 (4)  [486, 968]
724 (3)  [340, 454]
725 (3)  [490, 512]
726 (3)  [467, 481]
727 (4)  [255, 925]
728 (3)  [304, 478]
729 (3)  [387, 503]
730 (3)  [338, 512]
731 (3)  [488, 497]
732 (4)  [269, 342]
733 (4)  [376, 486]
734 (4)  [206, 392]
735 (3)  [453, 462]
736 (4)  [433, 960]
737 (3)  [417, 457]
738 (3)  [473, 475]
739 (4)  [368, 946]
740 (3)  [499, 508]
741 (3)  [469, 514]
742 (4)  [425, 476]
743 (4)  [378, 409]
744 (4)  [287, 913]
745 (4)  [265, 962]
746 (3)  [386, 469]
747 (3)  [482, 508]
748 (3)  [350, 418]
749 (4)  [438, 450]
750 (3)  [494, 513]
751 (4)  [248, 504]
752 (4)  [441, 467]
753 (3)  [323, 467]
754 (3)  [255, 434]
755 (3)  [459, 479]
756 (4)  [498, 932]
757 (3)  [449, 477]
758 (4)  [437, 967]
759 (3)  [362, 502]
760 (4)  [511, 946]
761 (4)  [480, 966]
762 (3)  [482, 484]
763 (3)  [488, 509]
764 (3)  [434, 490]
765 (4)  [334, 507]
766 (3)  [487, 508]
767 (4)  [441, 482]
768 (4)  [474, 962]
769 (4)  [268, 365]
770 (3)  [496, 504]
771 (3)  [471, 986]
772 (4)  [471, 970]
773 (3)  [489, 499]
774 (3)  [408, 481]
775 (4)  [419, 509]
776 (3)  [208, 501]
777 (4)  [375, 465]
778 (3)  [306, 489]
779 (4)  [427, 965]
780 (4)  [181, 485]
781 (4)  [268, 973]
782 (4)  [429, 494]
783 (4)  [498, 931]
784 (4)  [403, 493]
785 (4)  [435, 973]
786 (3)  [465, 479]
787 (4)  [486, 886]
788 (3)  [135, 432]
789 (4)  [162, 825]
790 (4)  [183, 353]
791 (4)  [465, 955]
792 (4)  [334, 386]
793 (4)  [324, 947]
794 (3)  [125, 993]
795 (4)  [380, 484]
796 (4)  [372, 476]
797 (3)  [469, 493]
798 (4)  [461, 498]
799 (3)  [446, 505]
800 (4)  [396, 440]
801 (3)  [306, 470]
802 (4)  [205, 290]
803 (4)  [405, 407]
804 (4)  [500, 961]
805 (3)  [473, 475]
806 (4)  [293, 486, 507]
807 (3)  [499, 512, 513]
808 (4)  [340, 446, 458]
809 (4)  [190, 290, 476]
810 (3)  [99, 379, 510]
811 (4)  [182, 393, 405]
812 (4)  [343, 484, 512]
813 (3)  [358, 486, 990]
814 (3)  [358, 442, 979]
815 (4)  [306, 402, 921]
816 (4)  [337, 457, 511]
817 (4)  [399, 463, 509]
818 (4)  [481, 506, 869]
819 (4)  [400, 463, 476]
820 (4)  [425, 490, 493]
821 (4)  [249, 405, 421]
822 (4)  [297, 383, 480]
823 (4)  [459, 838, 931]
824 (3)  [477, 495, 982]
825 (3)  [468, 483, 789]
826 (4)  [198, 393, 924]
827 (4)  [502, 508, 959]
828 (4)  [426, 965, 973]
829 (4)  [109, 497, 504]
830 (4)  [355, 435, 477]
831 (4)  [207, 490, 492]
832 (3)  [411, 454, 508]
833 (4)  [500, 510, 898]
834 (4)  [505, 513, 860]
835 (4)  [250, 490, 912]
836 (4)  [465, 476, 873]
837 (4)  [462, 490, 852]
838 (4)  [380, 457, 823]
839 (4)  [168, 368, 490]
840 (4)  [384, 483, 947]
841 (3)  [281, 493, 511]
842 (4)  [366, 486, 963]
843 (4)  [240, 280, 488]
844 (3)  [246, 463, 493]
845 (4)  [272, 461, 503]
846 (4)  [477, 510, 943]
847 (4)  [265, 505, 909]
848 (4)  [357, 380, 486]
849 (4)  [202, 356, 486]
850 (4)  [325, 459, 512]
851 (3)  [459, 489, 507]
852 (3)  [341, 490, 837]
853 (4)  [497, 889, 925]
854 (4)  [266, 419, 459]
855 (4)  [269, 421, 492]
856 (4)  [167, 508, 512]
857 (4)  [494, 931, 970]
858 (3)  [502, 704, 894]
859 (3)  [514, 936, 987]
860 (3)  [274, 466, 834]
861 (4)  [318, 490, 941]
862 (3)  [402, 459, 488, 509]
863 (4)  [441, 473, 476, 480]
864 (4)  [179, 220, 367, 487]
865 (4)  [309, 480, 506, 916]
866 (4)  [420, 482, 485, 513]
867 (4)  [404, 481, 502, 927]
868 (4)  [376, 391, 443, 487]
869 (3)  [196, 484, 514, 818]
870 (4)  [378, 431, 510, 961]
871 (4)  [482, 498, 945, 973]
872 (3)  [438, 460, 502, 508]
873 (3)  [451, 461, 462, 836]
874 (4)  [289, 312, 384, 514]
875 (4)  [431, 432, 467, 946]
876 (3)  [408, 467, 473, 487]
877 (3)  [308, 407, 511, 514]
878 (4)  [51, 439, 507, 969]
879 (4)  [317, 450, 478, 510]
880 (4)  [244, 328, 426, 429]
881 (4)  [209, 441, 490, 972]
882 (3)  [317, 388, 493, 513]
883 (3)  [325, 389, 499, 984]
884 (3)  [417, 508, 509, 514]
885 (3)  [374, 448, 480, 498]
886 (3)  [313, 425, 482, 787]
887 (4)  [299, 430, 445, 509]
888 (4)  [415, 419, 504, 513]
889 (4)  [327, 370, 487, 853]
890 (3)  [424, 489, 493, 506]
891 (4)  [270, 404, 469, 951]
892 (4)  [433, 489, 935, 971]
893 (4)  [205, 245, 376, 500]
894 (4)  [272, 496, 510, 858]
895 (3)  [402, 466, 472, 511]
896 (4)  [441, 503, 511, 922]
897 (3)  [442, 444, 448, 474, 495]
898 (3)  [370, 497, 513, 833, 948]
899 (4)  [279, 425, 486, 505, 513]
900 (3)  [459, 479, 482, 510, 994]
901 (4)  [365, 400, 467, 473, 505]
902 (4)  [241, 413, 480, 511, 999]
903 (4)  [184, 319, 446, 481, 508]
904 (3)  [255, 308, 482, 489, 498]
905 (4)  [367, 375, 383, 491, 504]
906 (3)  [391, 448, 465, 492, 502]
907 (3)  [214, 271, 351, 390, 975]
908 (4)  [321, 360, 432, 497, 510]
909 (3)  [439, 514, 717, 847, 972]
910 (3)  [333, 406, 429, 451, 988]
911 (4)  [303, 361, 385, 494, 957]
912 (3)  [365, 498, 835, 954, 992]
913 (3)  [285, 299, 369, 476, 744]
914 (4)  [280, 375, 387, 489, 507]
915 (4)  [346, 354, 449, 455, 458]
916 (4)  [326, 486, 492, 514, 865]
917 (3)  [413, 449, 468, 490, 978]
918 (3)  [216, 436, 444, 966, 983]
919 (4)  [169, 395, 468, 482, 489, 511]
920 (3)  [95, 411, 455, 480, 496, 976]
921 (3)  [410, 444, 452, 491, 815, 932]
922 (4)  [297, 374, 479, 499, 512, 896]
923 (4)  [249, 389, 395, 444, 456, 476]
924 (3)  [443, 489, 497, 507, 511, 826]
925 (3)  [412, 498, 510, 514, 727, 853]
926 (4)  [77, 271, 414, 493, 496, 960]
927 (3)  [264, 383, 419, 509, 867, 928]
928 (3)  [425, 477, 501, 514, 927]
929 (3)  [360, 394, 464, 469, 481, 977]
930 (4)  [251, 482, 491, 504, 967, 969]
931 (3)  [479, 486, 497, 783, 823, 857]
932 (3)  [272, 354, 452, 485, 756, 921]
933 (4)  [266, 419, 466, 473, 503, 505]
934 (4)  [282, 469, 470, 489, 499, 504]
935 (4)  [420, 460, 471, 511, 512, 892]
936 (4)  [399, 415, 426, 486, 491, 859]
937 (4)  [390, 403, 433, 454, 467, 508]
938 (4)  [321, 492, 497, 502, 507, 508]
939 (3)  [218, 372, 507, 957, 981, 999]
940 (3)  [371, 464, 510, 513, 970, 989]
941 (3)  [263, 273, 291, 443, 469, 861]
942 (4)  [298, 424, 436, 445, 470, 481]
943 (3)  [206, 391, 508, 513, 846, 998]
944 (4)  [314, 459, 479, 507, 956, 997]
945 (3)  [130, 390, 434, 477, 478, 512, 871]
946 (3)  [405, 416, 440, 491, 739, 760, 875]
947 (3)  [406, 419, 426, 475, 507, 793, 840]
948 (4)  [223, 280, 287, 343, 482, 898, 965]
949 (4)  [315, 343, 396, 440, 444, 459, 484]
950 (4)  [286, 304, 317, 343, 404, 457, 514, 970]
951 (4)  [288, 466, 475, 483, 487, 494, 498, 891]
952 (4)  [245, 355, 468, 488, 489, 496, 504, 511]
953 (4)  [308, 371, 376, 448, 457, 477, 503, 509]
954 (4)  [444, 461, 468, 494, 503, 514, 912, 972]
955 (3)  [122, 150, 321, 374, 464, 485, 502, 791]
956 (4)  [204, 229, 255, 303, 380, 463, 494, 506, 944]
957 (4)  [219, 294, 384, 499, 503, 512, 911, 939, 968]
958 (3)  [240, 411, 416, 443, 451, 502, 508, 693, 959]
959 (3)  [236, 248, 291, 331, 415, 418, 461, 484, 827, 958]
960 (3)  [160, 216, 369, 448, 453, 491, 498, 506, 736, 926]
961 (3)  [298, 409, 426, 464, 466, 514, 711, 804, 870, 968]
962 (3)  [100, 334, 433, 436, 500, 506, 507, 745, 768, 971]
963 (3)  [233, 400, 452, 461, 471, 501, 504, 509, 842, 985]
964 (4)  [300, 306, 391, 392, 419, 434, 438, 441, 476, 512, 513]
965 (3)  [248, 317, 321, 461, 473, 497, 503, 779, 828, 948, 974]
966 (3)  [258, 352, 368, 393, 419, 421, 464, 501, 510, 512, 761, 918]
967 (3)  [289, 329, 455, 456, 458, 472, 488, 495, 498, 508, 692, 758, 930]
968 (3)  [111, 120, 136, 355, 366, 387, 428, 429, 445, 474, 723, 957, 961, 970]
969 (3)  [261, 288, 320, 370, 371, 401, 410, 441, 498, 499, 509, 712, 878, 930, 971]
970 (3)  [252, 323, 351, 400, 406, 472, 488, 498, 501, 503, 710, 772, 857, 940, 950, 968]
971 (3)  [104, 106, 124, 213, 215, 254, 274, 292, 364, 439, 445, 507, 512, 892, 962, 969]
972 (4)  [138, 351, 355, 386, 415, 457, 460, 469, 478, 479, 494, 501, 506, 881, 909, 954]
973 (3)  [153, 187, 230, 242, 271, 297, 337, 340, 355, 380, 396, 401, 411, 430, 445, 453, 464, 473, 490, 495, 500, 512, 513, 781, 785, 828, 871, 980, 995, 997, 998]
974 (4)  [965]
975 (4)  [907]
976 (4)  [920]
977 (4)  [929]
978 (4)  [917]
979 (4)  [814]
980 (4)  [973]
981 (4)  [939]
982 (4)  [824]
983 (4)  [918]
984 (4)  [883]
985 (4)  [963]
986 (4)  [771]
987 (4)  [859]
988 (4)  [910]
989 (4)  [940]
990 (4)  [813]
991 (4)  [714]
992 (4)  [912]
993 (4)  [794]
994 (4)  [900]
995 (4)  [973]
996 (4)  [992]
997 (5)  [944, 973]
998 (4)  [943, 973]
999 (5)  [902, 939]
