GLP Model
Parameters:
- m0:20.0
- m:1.0
- p:0.45
- beta:0.64

 Size : 99
 Size of core : 7
 % of P2P links : 0.13
 % of nodes in level 1 : 6.06
 % of nodes in level 2 : 48.48
 % of nodes in level 3 : 39.39
 % of nodes in level 4 : 6.06
 % of nodes in level 5 : 0
 Degree of level 1 : 13
 Degree of level 2 : 2.62
 Degree of level 3 : 1.95
 Degree of level 4 : 1.17
 Degree of level 5 : 0

1 (1)  [5, 6, 7, 12, 23, 28, 44, 48, 51, 63, 64]
2 (1)  [3, 4, 6, 10, 20, 22, 30, 31, 56, 66, 68, 69]
3 (1)  [2, 24, 29, 33, 37, 38, 39, 43, 57, 60, 61, 67, 69]
4 (1)  [2, 2, 9, 45, 50, 53, 54, 55, 56, 60, 61, 62, 64]
5 (1)  [1, 2, 6, 14, 25, 32, 40, 41, 52, 61, 63, 65, 66]
6 (1)  [1, 2, 2, 5, 13, 16, 17, 27, 36, 38, 42, 49, 53, 57, 59, 62]
7 (2)  [1]
8 (2)  [2]
9 (2)  [4]
10 (2)  [2]
11 (2)  [2]
12 (2)  [1]
13 (2)  [6]
14 (2)  [5]
15 (2)  [2]
16 (2)  [6]
17 (2)  [6]
18 (2)  [2]
19 (2)  [2]
20 (2)  [2]
21 (2)  [2]
22 (2)  [2]
23 (2)  [1]
24 (2)  [3]
25 (2)  [5]
26 (2)  [2]
27 (2)  [6]
28 (2)  [1]
29 (2)  [3]
30 (2)  [2]
31 (3)  [2, 33]
32 (3)  [5, 67]
33 (2)  [3, 31]
34 (3)  [2, 61]
35 (3)  [2, 58]
36 (2)  [2, 6]
37 (2)  [2, 3]
38 (2)  [3, 6]
39 (3)  [3, 59]
40 (2)  [5, 92]
41 (3)  [5, 55]
42 (3)  [6, 66]
43 (2)  [3, 86]
44 (3)  [1, 55]
45 (3)  [4, 58]
46 (2)  [2, 83]
47 (2)  [2, 60, 75]
48 (3)  [1, 64, 69]
49 (3)  [6, 68, 69]
50 (3)  [4, 66, 67]
51 (3)  [1, 2, 69]
52 (2)  [5, 59, 84]
53 (2)  [4, 6, 94]
54 (3)  [4, 65, 92, 93]
55 (2)  [4, 41, 44, 62]
56 (2)  [2, 4, 74, 77]
57 (2)  [3, 6, 59, 81]
58 (2)  [2, 35, 45, 61]
59 (2)  [6, 39, 52, 57]
60 (3)  [3, 4, 47, 89, 94]
61 (2)  [3, 4, 5, 34, 58]
62 (2)  [4, 6, 55, 69, 87]
63 (2)  [1, 5, 68, 82, 90]
64 (2)  [1, 4, 48, 67, 71, 72]
65 (2)  [5, 54, 68, 78, 79, 85]
66 (2)  [2, 5, 42, 50, 73, 88]
67 (2)  [3, 32, 50, 64, 70, 76, 91, 94]
68 (2)  [2, 2, 49, 63, 65, 90, 93, 94]
69 (2)  [2, 3, 48, 49, 51, 62, 80, 88, 89, 91]
70 (3)  [67]
71 (3)  [64]
72 (3)  [64]
73 (3)  [66]
74 (3)  [56]
75 (3)  [47]
76 (3)  [67]
77 (3)  [56]
78 (3)  [65]
79 (3)  [65]
80 (3)  [69]
81 (3)  [57]
82 (3)  [63]
83 (3)  [46]
84 (3)  [52]
85 (3)  [65]
86 (3)  [43]
87 (3)  [62]
88 (3)  [66, 69]
89 (4)  [60, 69]
90 (3)  [63, 68]
91 (3)  [67, 69]
92 (3)  [40, 54, 96]
93 (3)  [54, 68, 97]
94 (3)  [53, 60, 67, 68, 95, 98, 99]
95 (4)  [94]
96 (4)  [92]
97 (4)  [93]
98 (4)  [94]
99 (4)  [94]
