4,0.85,800
10,0.95,650
23,0.75,300
32,0.95,602
21,0.35,500
56,0.85,900
-1
4,0.85,800
10,0.95,650
56,0.85,900
-1
4,0.85,800
10,0.95,650
5,0.33,500
-1
1,.00633,2000
-1
4,0.85,800
10,0.95,650
42,0.85,900
-1
1,.04,6000
-1
4,0.85,800
10,0.95,650
2,1,900
-1
1,.08,5999
-1
991,0.9,4000
979,0.9,6000
723,0.9,600
-1
453,.079,4500
-1
*************
979,0.9,6000
723,0.9,600
-1
979,0.9,6000
453,1,899
-1

**********
502,0.9,4587
480,0.85,
[991, 911, 497, 6, 3]


****************************
689,0.9,8999
995,0.9,7888
-1
991,0.9,4444
622,0.9,3333
-1
556,0.9,333
991,0.7,4555
-1
497,0.9,2222
-1
6,0.95,4444
-1

****************************
689,0.9,8999
995,0.9,7888
-1
991,0.9,4444
689,0.9,3333
-1
911,0.9,4444
689,0.9,3333
-1
